Scan Number	m/z	Intensity	Relative	Segment Number	Flags	
23	445.118011474609	5902283.5	100	1		
23	391.282409667969	4497217.5	76.1945355556032	1		
23	519.136596679688	4109575.5	69.6268740733989	1		
23	593.155029296875	3548069.5	60.1135052221738	1		
23	419.313659667969	2737981.75	46.3885164106401	1		
23	446.118316650391	2698585.5	45.7210416951338	1		
23	667.173461914063	2546731	43.1482323748088	1		
23	371.099578857422	2239568.5	37.944102481692	1		
23	355.068267822266	2181417.75	36.9588778648128	1		
23	520.136840820313	2097961	35.5449039342146	1		
23	594.155212402344	2046922.5	34.6801792899308	1		
23	429.086822509766	1787664.75	30.2876801834409	1		
23	668.173583984375	1647103.375	27.90620570835	1		
23	447.114715576172	1345978.5	22.8043688514793	1		
23	577.123901367188	1345900.625	22.8030494468793	1		
23	371.313842773438	1333993.625	22.6013139660269	1		
23	595.152526855469	1285044.75	21.7719929922038	1		
23	392.285736083984	1248259.25	21.1487511570734	1		
23	669.170959472656	1152672.125	19.5292571934235	1		
23	503.105316162109	1133255.375	19.2002870583902	1		
23	521.133422851563	1120599.25	18.9858594559207	1		
23	741.191955566406	1076750.5	18.242947835359	1		
23	651.142395019531	914813.9375	15.4993222114797	1		
23	420.316986083984	813625.9375	13.7849348900303	1		
23	742.192443847656	721856.5625	12.2301235191431	1		
23	578.124328613281	675875.5	11.4510849910886	1		
23	361.329528808594	641714.4375	10.8723079381057	1		
23	403.230804443359	603286.5625	10.2212400082104	1		
23	430.086486816406	565776.0625	9.58571479157177	1		
23	652.142822265625	549068.0625	9.30263791124232	1		
23	372.098602294922	498266.96875	8.44193554494629	1		
23	356.067321777344	478287	8.10342302263183	1		
23	743.189697265625	460015.34375	7.79385374745215	1		
23	670.170837402344	447686.09375	7.58496425578338	1		
23	504.105316162109	442171.875	7.49153907974769	1		
23	596.151977539063	438576.0625	7.43061668420366	1		
23	579.12158203125	406090.8125	6.880232244012	1		
23	533.188598632813	391608.46875	6.6348637565444	1		
23	373.096405029297	385545.0625	6.53213391901626	1		
23	431.083557128906	381461.375	6.46294565484698	1		
23	607.206909179688	367986.125	6.23463994909767	1		
23	357.065277099609	360248.25	6.10354026539051	1		
23	522.133239746094	324983.09375	5.50605699895642	1		
23	653.140319824219	324727.25	5.50172234186989	1		
23	372.317169189453	317616.21875	5.38124301806242	1		
23	447.344635009766	315472.8125	5.34492815365443	1		
23	448.114013671875	313285.03125	5.30786146158516	1		
23	815.21044921875	312084.15625	5.28751552259392	1		
23	505.101531982422	289342.6875	4.90221602367965	1		
23	387.094421386719	259946.484375	4.40416805419462	1		
23	359.026733398438	245066.8125	4.15206779715004	1		
23	744.189514160156	226921.625	3.84464123080499	1		
23	816.211120605469	221624.515625	3.75489445102052	1		
23	369.371154785156	219208.515625	3.71396114105668	1		
23	373.078826904297	210619.265625	3.56843695537498	1		
23	357.236663818359	206433.015625	3.49751101628717	1		
23	459.169921875	205136.296875	3.47554123543879	1		
23	610.181518554688	198951.25	3.37075049004339	1		
23	608.207397460938	193604.390625	3.28016081614853	1		
23	371.0634765625	184399.25	3.12420184493002	1		
23	536.162963867188	182482.96875	3.09173506745313	1		
23	671.168273925781	182189.296875	3.08675950375816	1		
23	447.097534179688	178946.140625	3.03181202029689	1		
23	817.208679199219	171920.53125	2.91277996473738	1		
23	369.120025634766	165725.953125	2.80782773523163	1		
23	462.144348144531	163733.984375	2.77407861508177	1		
23	505.085174560547	160574.375	2.72054663250249	1		
23	393.288848876953	159408.328125	2.70079077233413	1		
23	415.034881591797	158090.546875	2.6784641380747	1		
23	580.121643066406	155767.140625	2.63909960653364	1		
23	725.160766601563	152956.484375	2.59147979548932	1		
23	534.188537597656	151462.890625	2.56617444121415	1		
23	681.225341796875	147442.859375	2.49806467911953	1		
23	405.298034667969	146872.265625	2.48839734019892	1		
23	654.140258789063	144920.890625	2.45533598352231	1		
23	684.199951171875	144727.515625	2.45205970917866	1		
23	461.112854003906	138220.96875	2.34182191943169	1		
23	362.332763671875	133348.71875	2.25927336004785	1		
23	399.345092773438	132522.53125	2.24527559968951	1		
23	404.234191894531	130248.421875	2.2067462851454	1		
23	597.150390625	129021.09375	2.18595216156594	1		
23	421.320159912109	119623.6953125	2.02673584405934	1		
23	579.103149414063	119220.2265625	2.01990003635881	1		
23	443.139038085938	110578.2109375	1.87348186405312	1		
23	609.203369140625	109820.8125	1.86064956893379	1		
23	726.161254882813	106274.7578125	1.80057019986417	1		
23	430.886291503906	104050.7578125	1.7628898681756	1		
23	745.18798828125	102666.203125	1.73943191859557	1		
23	432.883453369141	99136.421875	1.67962826378977	1		
23	373.042327880859	98024.6640625	1.66079220123025	1		
23	433.329284667969	97365.0625	1.64961683897427	1		
23	611.181762695313	96641.1953125	1.63735265024969	1		
23	352.236694335938	95157.1640625	1.61220930954096	1		
23	449.110687255859	93560.59375	1.58515926505394	1	M	
23	682.225769042969	90776.609375	1.53799134479054	1		
23	506.102722167969	89781.796875	1.52113663931934	1		
23	535.184753417969	88121.5625	1.49300796039363	1		
23	419.371002197266	87271.328125	1.47860278356673	1		
23	523.130859375	86997.2734375	1.47395958593822	1	F	
23	818.208068847656	83977.7421875	1.42280089032491	1		
23	357.047698974609	83929.296875	1.42198010100667	1		
23	405.355621337891	82836.078125	1.40345813827818	1		
23	431.066497802734	82761.2734375	1.40219075274002	1		
23	448.347869873047	82560	1.39878065836722	1		
23	685.200012207031	81244.3359375	1.37648989475853	1		
23	653.122009277344	80989.9140625	1.37217932792452	1		
23	363.170257568359	80107.640625	1.35723132623162	1		
23	361.220367431641	78527.703125	1.33046308475355	1		
23	727.159423828125	77587.859375	1.31453969256136	1		
23	517.157409667969	77309.9921875	1.30983190128871	1		
23	537.163696289063	76553.6875	1.29701813713286	1		
23	889.229125976563	73289.90625	1.24172121264592	1		
23	489.053527832031	71986.3671875	1.21963587800383	1		
23	521.116027832031	70918.21875	1.20153867143115	1		
23	432.082244873047	70865.4453125	1.20064455244314	1		
23	445.083465576172	66524.875	1.12710402677201	1		
23	457.288848876953	65341.4765625	1.10705418610441	1		
23	389.110046386719	64845.25390625	1.09864688651858	1		
23	506.084777832031	64187.421875	1.08750150471423	1		
23	609.149963378906	63593.93359375	1.07744627301874	1		
23	890.229614257813	62664.31640625	1.06169614533511	1		
23	463.128631591797	61333.01171875	1.03914038894862	1		
23	428.889434814453	60389.6796875	1.02315789621932	1		
23	388.093170166016	56953.0625	0.964932682410121	1		
23	374.095977783203	56570.2265625	0.958446448099282	1		
23	891.226928710938	56336.2734375	0.954482675010443	1		
23	580.103698730469	56275.8828125	0.953459501098177	1		
23	463.1435546875	55447.25390625	0.939420376982061	1		
23	686.197509765625	55380.7890625	0.938294290040456	1		
23	367.298126220703	54962.28125	0.931203681592048	1		
23	357.298126220703	54824.71484375	0.928872949660077	1		
23	360.025695800781	54533.453125	0.923938220266783	1		
23	683.222351074219	54120.625	0.916943840464458	1		
23	511.470062255859	53898.4765625	0.913180069417201	1		
23	535.131408691406	53858.73046875	0.912506667440661	1		
23	389.360900878906	53833.3984375	0.912077477090011	1		
23	581.118591308594	53371.25390625	0.904247549380676	1		
23	358.064758300781	53295.3046875	0.902960772512876	1		
23	385.151641845703	53212.8046875	0.90156300841022	1		
23	672.167297363281	51773.2890625	0.877173877915217	1		
23	655.138366699219	51566.25	0.873666098892064	1		
23	612.1796875	51363.46484375	0.870230392080455	1		
23	460.169067382813	50820.703125	0.861034599998458	1		
23	386.397369384766	49549.94140625	0.83950459862272	1		
23	370.374633789063	49273.9375	0.834828376170003	1		
23	538.159301757813	49150.24609375	0.832732722746205	1		
23	758.218444824219	48534.171875	0.822294826654802	1		
23	374.077301025391	46517.95703125	0.788134914753756	1		
23	373.102600097656	45475.28515625	0.770469347266189	1		
23	448.096496582031	45097.82421875	0.764074179404463	1		
23	397.402252197266	45034.34375	0.762998655520359	1		
23	497.454132080078	44838.97265625	0.759688562168354	1		
23	357.071594238281	43375.6015625	0.734895258123403	1		
23	391.339630126953	43084.7109375	0.729966816021291	1		
23	654.122314453125	42886.08984375	0.726601659234938	1		
23	461.16650390625	42682.84765625	0.723158209127874	1		
23	375.075744628906	42253.453125	0.715883151410806	1		
23	610.205261230469	42024.6171875	0.712006076758258	1		
23	535.168151855469	41953.890625	0.710807785241085	1		
23	755.243835449219	41627.2890625	0.70527430718128	1		
23	746.185913085938	41625.953125	0.705251672933027	1		
23	416.033966064453	40760.05078125	0.690581040054243	1		
23	507.081359863281	40429.40625	0.684979063611567	1		
23	598.148742675781	40292.140625	0.682653427694553	1		
23	361.023803710938	40031.51171875	0.678237697642785	1		
23	406.301574707031	39542.625	0.669954687876311	1		
23	819.206420898438	39433.76953125	0.668110393735747	1		
23	462.112030029297	38230.125	0.64771753169769	1		
23	417.031494140625	37704.921875	0.638819227761594	1		
23	389.091369628906	37099.171875	0.628556250729061	1		
23	358.239990234375	36689.421875	0.621614022352535	1		
23	464.140838623047	36356.17578125	0.615967968689576	1		
23	445.135925292969	35910.85546875	0.608423086907804	1	E	
23	581.100646972656	35837.3671875	0.607178004707839	1		
23	427.278259277344	35651.65625	0.604031579472589	1		
23	385.344665527344	35646.17578125	0.603938726109141	1		
23	727.139953613281	35108.01171875	0.594820830255781	1		
23	434.880523681641	34779.10546875	0.589248304808639	1		
23	728.158874511719	33761	0.571998955997285	1		
23	371.117065429688	33476.4296875	0.567177596391295	1	E	
23	367.267700195313	33332.81640625	0.564744414704072	1		
23	427.376434326172	32936.5390625	0.558030448088439	1		
23	373.3203125	32671.724609375	0.553543804010346	1		
23	655.119445800781	32286.984375	0.547025305968444	1		
23	445.099639892578	32172.314453125	0.545082499902368	1	E	
23	353.376251220703	30883.783203125	0.523251436552057	1		
23	400.348327636719	30810.34765625	0.522007247809259	1		
23	375.34521484375	30655.962890625	0.519391569222742	1		
23	591.175659179688	30590.787109375	0.518287322345241	1		
23	370.119079589844	30419.751953125	0.515389542930715	1		
23	413.360717773438	30207.455078125	0.511792682918823	1		
23	520.127502441406	29880.822265625	0.506258675402918	1	E	
23	357.011291503906	29265.703125	0.495836960813556	1		
23	892.2275390625	29070.255859375	0.492525576912309	1		
23	477.143890380859	28929.859375	0.490146896112327	1		
23	367.392120361328	28786.0859375	0.487711000962594	1		
23	363.251312255859	28760.396484375	0.487275754957806	1		
23	519.100830078125	28569.298828125	0.484038064727406	1	E	
23	372.062713623047	28409.974609375	0.481338698986164	1		
23	444.139312744141	28396.384765625	0.481108451764897	1		
23	391.297485351563	28321.92578125	0.479846923334842	1	E	
23	522.117248535156	27923.892578125	0.473103207904619	1		
23	403.125366210938	27597.361328125	0.467570921121037	1		
23	375.092926025391	27461.068359375	0.46526176452512	1		
23	447.329498291016	27288.349609375	0.462335460663233	1		
23	507.10009765625	26647.123046875	0.451471418593753	1		
23	449.093322753906	26418.81640625	0.44760331160389	1		
23	406.35888671875	26350.41015625	0.446444332202105	1		
23	420.374145507813	26117.841796875	0.442504020636674	1		
23	683.168518066406	25976.42578125	0.440108066331446	1		
23	536.18603515625	25812.505859375	0.437330837452572	1		
23	433.079895019531	25680.64453125	0.435096764349764	1		
23	759.219543457031	25463.76953125	0.431422339019297	1		
23	391.267333984375	25183.494140625	0.426673746535981	1	E	
23	611.165649414063	25167.513671875	0.426402995923103	1		
23	519.159545898438	25081.392578125	0.424943881094919	1	E	
23	373.060241699219	25081.296875	0.424942259635614	1		
23	463.108764648438	24924.58203125	0.422287103478679	1		
23	595.135620117188	24745.8359375	0.419258680771603	1		
23	756.244812011719	24685.1015625	0.418229682842242	1		
23	381.407043457031	24598.669921875	0.416765306544069	1		
23	799.178955078125	24585.224609375	0.416537508057263	1		
23	537.14697265625	24371.134765625	0.412910270501663	1		
23	610.151184082031	23918.791015625	0.405246393461531	1		
23	519.11376953125	23886.203125	0.40469427002278	1	E	
23	523.137878417969	23795.185546875	0.403152196042006	1	F	
23	550.214965820313	23572.1875	0.399374030407045	1		
23	432.065063476563	23539.396484375	0.398818465503648	1		
23	377.324371337891	23290.251953125	0.394597310568444	1		
23	388.801300048828	23277.3515625	0.394378744472372	1		
23	595.133117675781	23153.197265625	0.392275248480101	1		
23	411.170013427734	22724.537109375	0.385012632981371	1		
23	387.131072998047	22675.810546875	0.384187078558239	1		
23	385.329711914063	22627.919921875	0.383375687085769	1		
23	624.233764648438	22482.662109375	0.38091464277131	1		
23	434.332855224609	22445.015625	0.380276813626455	1		
23	388.340484619141	22112.197265625	0.374638006893857	1		
23	518.158264160156	21903.134765625	0.371095945588263	1		
23	377.266448974609	21779.31640625	0.368998141249061	1		
23	593.183166503906	21597.611328125	0.365919585667564	1	E	
23	369.349975585938	21569.185546875	0.365437979163065	1		
23	425.360443115234	21561.255859375	0.365303629677819	1		
23	359.062164306641	21422.82421875	0.362958238430092	1		
23	353.239990234375	21183.986328125	0.358911704734701	1		
23	353.339691162109	21161.138671875	0.358524606143961	1		
23	388.125610351563	21154.693359375	0.358415405823441	1		
23	374.040985107422	21143.974609375	0.358233802381316	1		
23	429.294281005859	21045.390625	0.356563533842453	1		
23	687.198059082031	20785.892578125	0.352166963483286	1		
23	445.132934570313	20676.306640625	0.350310293306396	1	E	
23	800.179992675781	20672.658203125	0.35024847930678	1		
23	391.202209472656	20569.6953125	0.348504020731976	1		
23	394.291473388672	20568.876953125	0.348490155600371	1		
23	668.160583496094	20523.91015625	0.347728301364209	1	E	
23	593.126892089844	20380.037109375	0.345290718573159	1	E	
23	536.131164550781	20251.712890625	0.343116573282612	1		
23	391.270355224609	20010.451171875	0.339028973648504	1	E	
23	519.118225097656	19976.916015625	0.338460801071738	1	E	
23	597.131286621094	19929.65625	0.337660097994276	1		
23	519.154907226563	19793.671875	0.335356169777341	1	E	
23	490.052947998047	19634.728515625	0.332663256782311	1		
23	458.292266845703	19627.982421875	0.332548960446834	1		
23	524.131469726563	19593.525390625	0.331965168915133	1		
23	760.217407226563	19522.8359375	0.330767506127078	1		
23	364.173706054688	19336.8671875	0.327616712879007	1		
23	433.045074462891	19317.708984375	0.327292123199013	1		
23	611.146911621094	19113.826171875	0.323837819241909	1		
23	684.222351074219	19106.498046875	0.323713661786578	1		
23	449.351928710938	19030.03125	0.32241811580213	1		
23	594.14453125	18517.7421875	0.313738609599149	1	E	
23	433.062805175781	18083.84765625	0.306387310203754	1		
23	964.248413085938	17695.9140625	0.299814708366686	1		
23	963.247985839844	17590.1484375	0.298022764197958	1		
23	523.112915039063	17324.685546875	0.293525133905801	1		
23	367.068481445313	17042.591796875	0.288745733695696	1		
23	390.109436035156	17000.1484375	0.288026633039568	1		
23	447.060913085938	16938.5234375	0.286982545611372	1		
23	582.117492675781	16922.7578125	0.286715435009179	1		
23	757.241027832031	16868.365234375	0.285793883577009	1		
23	447.079864501953	16849.626953125	0.285476408463352	1		
23	399.283264160156	16813.8828125	0.284870809958552	1		
23	419.330535888672	16761.53125	0.28398383862788	1	E	
23	450.111511230469	16644.119140625	0.281994572789074	1		
23	362.209686279297	16642.396484375	0.281965386521589	1		
23	399.263946533203	16560.662109375	0.280580594093371	1		
23	358.046142578125	16503.484375	0.279611854886333	1		
23	820.206298828125	16496.93359375	0.279500867651478	1		
23	667.139709472656	16457.162109375	0.278827035491857	1	E	
23	669.153930664063	16234.529296875	0.275055057875058	1	E	
23	592.177062988281	16199.267578125	0.274457632848795	1		
23	446.136810302734	16197.7587890625	0.274432070046491	1	E	
23	801.177917480469	16007.6357421875	0.271210892228194	1		
23	446.100433349609	15922.755859375	0.269772806734461	1	E	
23	378.356384277344	15916.3642578125	0.269664516416612	1		
23	613.179809570313	15778.8486328125	0.267334644850802	1		
23	563.072082519531	15678.251953125	0.265630276030031	1		
23	362.22412109375	15630.9013671875	0.264828034220781	1		
23	359.314025878906	15421.2333984375	0.261275714703259	1		
23	359.044067382813	15290.3525390625	0.259058253285572	1		
23	656.138610839844	15228.6689453125	0.258013173127189	1		
23	667.207458496094	15196.634765625	0.257470430988701	1	E	
23	446.082153320313	15177.24609375	0.257141936569973	1	E	
23	386.803314208984	15107.623046875	0.255962341471314	1		
23	639.070922851563	14972.1884765625	0.253667728372629	1		
23	729.138305664063	14952.72265625	0.253337926859155	1		
23	512.473083496094	14875.57421875	0.252030832113537	1		
23	355.081298828125	14861.9873046875	0.25180063452878	1	E	
23	355.355010986328	14633.400390625	0.247927778979525	1		
23	355.282623291016	14605.1572265625	0.247449266484107	1		
23	375.039093017578	14549.955078125	0.24651399882986	1		
23	801.158020019531	14473.951171875	0.245226295413885	1		
23	361.344085693359	14470.5498046875	0.245168667426556	1	E	
23	491.049713134766	14464.3525390625	0.245063669663826	1		
23	358.069244384766	14405.896484375	0.244073272393219	1		
23	401.146240234375	14390.8818359375	0.243818885282916	1		
23	358.990295410156	14368.6171875	0.243441664357532	1		
23	728.140502929688	14319.533203125	0.242610054280263	1		
23	431.889953613281	14190.40234375	0.240422242404147	1		
23	390.364501953125	14176.12109375	0.24018028096668	1		
23	383.328735351563	14135.1005859375	0.239485287108583	1		
23	405.236358642578	14083.1318359375	0.238604801615129	1		
23	893.226318359375	14023.833984375	0.237600142120842	1		
23	367.355621337891	13830.18359375	0.234319201945315	1		
23	368.301666259766	13778.4619140625	0.233442902464148	1		
23	363.336517333984	13711.7021484375	0.232311818780604	1		
23	363.308776855469	13667.666015625	0.231565732408906	1		
23	391.301696777344	13643.6455078125	0.231158762668931	1	E	
23	596.131958007813	13587.494140625	0.230207412785662	1		
23	355.055389404297	13586.857421875	0.230196625117635	1	E	
23	593.132568359375	13565.1513671875	0.229828868220029	1	E	
23	445.141510009766	13560.6552734375	0.229752692723714	1	E	
23	965.246398925781	13501.2646484375	0.228746461406632	1		
23	684.171997070313	13456.1796875	0.227982605164594	1		
23	476.197052001953	13401.0478515625	0.227048528786571	1		
23	596.134643554688	13310.4248046875	0.225513139189053	1		
23	582.099182128906	13295.4736328125	0.225259827536453	1		
23	459.133483886719	13281.5732421875	0.225024318845198	1		
23	537.128051757813	13103.0791015625	0.222000164877924	1		
23	685.166442871094	13096.8125	0.221893992384473	1		
23	549.18359375	13018.8212890625	0.220572618869671	1		
23	829.26171875	12919.7060546875	0.218893349577117	1		
23	418.993896484375	12808.166015625	0.217003571848506	1		
23	386.348022460938	12780.658203125	0.216537518116929	1		
23	565.050720214844	12752.5966796875	0.216062083085089	1		
23	373.308227539063	12715.2880859375	0.215429978684309	1		
23	520.100830078125	12706.04296875	0.215273342406375	1	E	
23	464.127807617188	12508.849609375	0.211932375145569	1		
23	461.35986328125	12404.005859375	0.210156049931776	1		
23	391.294555664063	12388.8564453125	0.209899379542045	1	E	
23	832.238098144531	12255.228515625	0.207635375624112	1		
23	594.1337890625	12246.5126953125	0.207487707008864	1	E	
23	371.085754394531	12170.7783203125	0.206204570151747	1	E	
23	465.139984130859	12013.48046875	0.203539536329456	1		
23	395.423400878906	11999.6142578125	0.20330460673081	1		
23	355.297760009766	11986.8046875	0.203087579366528	1		
23	465.126037597656	11979.19921875	0.202958722988315	1		
23	370.126037597656	11928.3271484375	0.202096818094853	1		
23	385.115234375	11849.0693359375	0.200753985062519	1		
23	419.297058105469	11840.1953125	0.200603636075766	1	E	
23	520.114013671875	11786.9296875	0.199701178154184	1	E	
23	371.328033447266	11649.5546875	0.197373689140822	1	E	
23	656.119445800781	11416.6083984375	0.193426974465688	1		
23	877.175720214844	11385.5322265625	0.19290046346575	1		
23	802.159423828125	11355.9619140625	0.192399465631607	1		
23	593.118835449219	11315.017578125	0.191705762322752	1	E	
23	521.079895019531	11302.80859375	0.191498910442882	1		
23	428.379852294922	11295.0595703125	0.191367621875711	1		
23	367.333953857422	11187.7587890625	0.189549668176097	1		
23	373.184204101563	11164.025390625	0.189147562814036	1		
23	355.319183349609	11131.6416015625	0.188598897385436	1		
23	383.385803222656	11054.41015625	0.187290396272053	1		
23	537.183044433594	11026.9208984375	0.186824656905035	1		
23	355.057891845703	10842.9892578125	0.18370837757645	1	E	
23	428.282104492188	10775.6318359375	0.182567168045003	1		
23	668.139770507813	10749.1064453125	0.182117759089554	1	E	
23	520.16015625	10748.298828125	0.182104075958483	1	E	
23	483.437713623047	10736.796875	0.181909203022864	1		
23	594.127075195313	10712.8779296875	0.181503954015213	1	E	
23	611.201965332031	10655.044921875	0.180524112775589	1		
23	363.360198974609	10338.705078125	0.175164494862455	1		
23	354.379425048828	10309.7919921875	0.174674632151904	1		
23	359.329193115234	10280.865234375	0.174184537804309	1		
23	364.340148925781	10226.0732421875	0.173256219261367	1		
23	433.88671875	10182.15625	0.172512151441048	1		
23	508.082489013672	10177.990234375	0.172441568324785	1		
23	392.343017578125	10121.6669921875	0.171487306432968	1		
23	359.068664550781	10115.0693359375	0.171375525013963	1		
23	539.161071777344	10106.6787109375	0.17123336605125	1		
23	453.217041015625	10067.232421875	0.170565043544164	1		
23	429.069976806641	10011.955078125	0.169628501886177	1	E	
23	365.376068115234	9944.0791015625	0.168478506692579	1		
23	433.087432861328	9940.861328125	0.168423989259835	1		
23	387.401062011719	9871.8642578125	0.167254999828668	1		
23	414.364105224609	9773.029296875	0.165580479095506	1		
23	436.877288818359	9761.55078125	0.165386003251962	1		
23	391.107269287109	9669.9775390625	0.163834514879919	1		
23	371.088439941406	9626.4052734375	0.163096287622197	1	E	
23	398.405517578125	9597.58984375	0.162608079461957	1		
23	362.023498535156	9507.9658203125	0.16108961591412	1		
23	395.386444091797	9489.755859375	0.160781091917645	1		
23	593.177734375	9391.0546875	0.159108837918409	1	E	
23	358.301483154297	9383.7490234375	0.15898506100965	1		
23	449.381439208984	9284.6796875	0.157306569355742	1		
23	426.364074707031	9263.0615234375	0.156940301553416	1		
23	422.323394775391	9192.5771484375	0.155746113321014	1		
23	389.324493408203	9132.1787109375	0.154722807044723	1		
23	713.088073730469	9079.2255859375	0.153825643684135	1		
23	383.349975585938	9053.037109375	0.153381942927259	1		
23	400.982360839844	9045.5673828125	0.153255386373977	1		
23	479.141021728516	9037.3037109375	0.153115378326668	1		
23	353.251617431641	8976.0439453125	0.152077478916635	1		
23	747.189636230469	8967.9169921875	0.151939787239761	1		
23	409.277557373047	8966.185546875	0.151910452062748	1		
23	364.254608154297	8908.42578125	0.150931851735858	1		
23	581.081970214844	8888.677734375	0.150597268571986	1		
23	375.360412597656	8881.76953125	0.150480225682992	1		
23	382.410858154297	8851.6015625	0.149969102000946	1		
23	564.071655273438	8796.5673828125	0.149036680173233	1		
23	498.457550048828	8775.2431640625	0.148675392567343	1		
23	397.267761230469	8735.54296875	0.148002768229449	1		
23	363.287719726563	8711.197265625	0.147590288836939	1		
23	377.376037597656	8607.2578125	0.145829284759026	1		
23	625.233703613281	8529.8427734375	0.144517673091059	1		
23	673.167663574219	8515.875	0.144281022760089	1	M	
23	399.248962402344	8497.1669921875	0.143964060557028	1		
23	593.190795898438	8446.1357421875	0.14309945874656	1	E	
23	441.391967773438	8442.44140625	0.143036867108298	1		
23	358.366271972656	8298.8427734375	0.140603933603621	1		
23	612.164794921875	8284.3388671875	0.140358199791445	1		
23	356.27783203125	8271.076171875	0.140133495313721	1		
23	507.064239501953	8269.9462890625	0.140114352166623	1		
23	489.089202880859	8253.09375	0.13982882641947	1		
23	834.236328125	8245.7109375	0.139703742415965	1		
23	519.165954589844	8238.134765625	0.139575382402845	1	E	
23	369.335144042969	8196.71484375	0.138873621433976	1		
23	665.194458007813	8176.03955078125	0.138523328314901	1		
23	462.167388916016	8166.35009765625	0.138359163833053	1		
23	491.032897949219	8163.7919921875	0.138315822887659	1		
23	758.243225097656	8157.673828125	0.13821216531068	1		
23	377.30322265625	8073.474609375	0.136785612032614	1		
23	463.397155761719	8005.9833984375	0.135642135767242	1		
23	357.313385009766	7999.935546875	0.135539669466487	1		
23	599.152282714844	7936.10595703125	0.134458230565022	1	M	
23	384.805206298828	7935.8037109375	0.13445310973181	1		
23	392.30078125	7919.359375	0.134174500004956	1	E	
23	685.220153808594	7905.9111328125	0.13394665188164	1		
23	551.216430664063	7882.14404296875	0.133543975699723	1		
23	698.251647949219	7802.34375	0.132191951640412	1		
23	403.303039550781	7796.9423828125	0.132100438462715	1		
23	389.097686767578	7732.39697265625	0.131006871707471	1		
23	363.323883056641	7708.17822265625	0.130596543230366	1		
23	419.334747314453	7677.310546875	0.130073564695342	1	E	
23	894.224182128906	7668.1474609375	0.129918318239669	1		
23	389.266754150391	7637.80859375	0.129404299094579	1		
23	378.270446777344	7636.7900390625	0.129387042134836	1		
23	729.156555175781	7628.76318359375	0.129251046372031	1		
23	418.031188964844	7604.5263671875	0.128840411803118	1		
23	353.303405761719	7538.46875	0.12772122433631	1		
23	730.13916015625	7534.56494140625	0.127655083687631	1		
23	372.067932128906	7526.876953125	0.127524829214405	1		
23	361.235473632813	7510.68017578125	0.127250413772589	1		
23	450.094543457031	7508.5810546875	0.127214849213656	1		
23	355.078765869141	7505.662109375	0.127165394704863	1	E	
23	803.156127929688	7432.97265625	0.125933846726441	1		
23	626.230590820313	7425.44091796875	0.125806239533712	1		
23	875.176879882813	7311.87060546875	0.123882063704137	1		
23	594.118896484375	7282.6689453125	0.123387311797417	1	E	
23	688.197143554688	7274.72998046875	0.123252805129892	1		
23	403.355072021484	7267.220703125	0.123125578483734	1		
23	415.069702148438	7260.1982421875	0.123006599770877	1		
23	667.200317382813	7204.81494140625	0.122068262925802	1	E	
23	577.150512695313	7169.54052734375	0.121470622807999	1	E	
23	401.183441162109	7133.994140625	0.120868374767579	1		
23	830.26318359375	7124.97021484375	0.1207154860461	1		
23	427.391632080078	6993.29052734375	0.11848449040687	1		
23	464.109893798828	6975.9619140625	0.11819089872695	1		
23	761.217468261719	6906.17626953125	0.117008548802023	1		
23	377.339599609375	6899.40869140625	0.116893888465477	1		
23	379.391387939453	6887.2353515625	0.116687640496471	1		
23	359.365692138672	6868.119140625	0.11636376227311	1		
23	383.138977050781	6841.81640625	0.11591812569237	1		
23	392.270629882813	6834.47119140625	0.115793678690735	1	E	
23	355.084747314453	6787.677734375	0.115000876091008	1	E	
23	387.148254394531	6785.498046875	0.114963946528068	1		
23	376.075256347656	6781.59375	0.114897797606638	1		
23	409.438262939453	6770.45263671875	0.114709038234418	1		
23	414.428436279297	6761.154296875	0.114551500226565	1		
23	390.799255371094	6731.5703125	0.114050270755378	1		
23	521.097778320313	6687.32470703125	0.113300635373263	1	E	
23	671.150207519531	6654.8876953125	0.112751068214743	1		
23	685.184143066406	6643.0361328125	0.112550271989011	1		
23	631.490600585938	6572.3876953125	0.111353304112086	1		
23	359.350402832031	6547.90576171875	0.110938516621893	1		
23	411.396484375	6535.72412109375	0.11073212801611	1		
23	966.247619628906	6530.5849609375	0.110645057305999	1		
23	353.282501220703	6512.72216796875	0.110342415235879	1		
23	447.401245117188	6489.7568359375	0.109953322912014	1		
23	821.206176757813	6473.0986328125	0.109671089719979	1		
23	391.228729248047	6459.06640625	0.109433347385804	1	E	
23	533.152526855469	6442.205078125	0.109147672729123	1		
23	368.271118164063	6432.353515625	0.108980761693758	1		
23	612.149475097656	6354.05810546875	0.107654234254738	1		
23	381.313690185547	6347.5185546875	0.107543437293168	1		
23	417.298187255859	6320.7685546875	0.107090222872004	1		
23	421.438812255859	6309.08056640625	0.106892198018043	1		
23	425.433563232422	6308.70654296875	0.106885861090352	1		
23	389.125305175781	6254.47607421875	0.105967056211698	1		
23	741.231201171875	6241.30322265625	0.105743873920259	1	E	
23	409.401977539063	6207.0849609375	0.105164127764068	1		
23	619.25830078125	6184.140625	0.10477539116852	1		
23	423.453948974609	6148.861328125	0.104177668323201	1		
23	757.187194824219	6146.58349609375	0.104139075937199	1		
23	645.505310058594	6093.337890625	0.10323695719843	1		
23	448.332611083984	6039.77197265625	0.102329411534642	1		
23	365.339569091797	6035.98828125	0.102265305982845	1		
23	396.426391601563	6031.73193359375	0.102193192407544	1		
23	666.194030761719	5937.77978515625	0.100601399189928	1		
23	359.008056640625	5935.16943359375	0.100557173060117	1		
23	461.148895263672	5864.00146484375	0.099351402975539	1		
23	477.412292480469	5859.79736328125	0.0992801745846544	1		
23	375.082000732422	5858.390625	0.0992563407874257	1		
23	613.16357421875	5824.7705078125	0.098686728751889	1		
23	449.057006835938	5752.65234375	0.0974648598927856	1		
23	361.308624267578	5713.2880859375	0.0967979272079611	1	E	
23	403.390777587891	5709.5556640625	0.0967346902950782	1		
23	787.106506347656	5650.80029296875	0.095739221827768	1		
23	353.318359375	5629.8115234375	0.0953836176021958	1		
23	637.090087890625	5628.625	0.0953635148159183	1		
23	364.363708496094	5600.62646484375	0.094889146969029	1		
23	508.06396484375	5557.57568359375	0.0941597550099678	1		
23	363.213989257813	5512.18798828125	0.0933907696619664	1		
23	730.155578613281	5510.84814453125	0.0933680692317008	1		
23	405.261962890625	5499.72021484375	0.0931795332237726	1		
23	401.339935302734	5489.8193359375	0.0930117866405011	1		
23	446.141754150391	5487.3564453125	0.09297005888166	1	E	
23	478.144836425781	5482.7275390625	0.0928916331969229	1		
23	359.292816162109	5475.59228515625	0.0927707434784563	1		
23	831.260864257813	5468.70703125	0.0926540894087856	1		
23	355.221740722656	5449.26171875	0.0923246353508773	1		
23	369.298492431641	5397.4189453125	0.0914462842273249	1		
23	433.387115478516	5386.01025390625	0.0912529913872529	1		
23	552.211486816406	5383.6513671875	0.0912130257244929	1		
23	425.308563232422	5374.140625	0.0910518890697134	1		
23	517.175231933594	5343.3115234375	0.0905295640820625	1		
23	538.148254394531	5303.048828125	0.0898474095343777	1		
23	657.117370605469	5284.67822265625	0.089536163802641	1		
23	492.051544189453	5275.6416015625	0.089383059989621	1		
23	375.309539794922	5269.99658203125	0.0892874187088989	1		
23	373.344940185547	5264.4736328125	0.0891938456160654	1		
23	395.261779785156	5236.5859375	0.088721355683779	1		
23	445.152191162109	5207.59423828125	0.0882301610602278	1	E	
23	357.33447265625	5190.95166015625	0.0879481925962426	1		
23	359.278015136719	5188.8271484375	0.0879121978542288	1		
23	538.128356933594	5173.130859375	0.0876462619827563	1		
23	475.001159667969	5169.7734375	0.0875893785430673	1		
23	353.143493652344	5143.673828125	0.0871471834269736	1		
23	387.086761474609	5048.716796875	0.0855383648866579	1	E	
23	376.347930908203	5043.38671875	0.0854480595306884	1		
23	874.197998046875	4984.955078125	0.0844580758976589	1		
23	447.135314941406	4974.62451171875	0.0842830492930194	1	E	
23	386.151824951172	4961.63818359375	0.0840630271926747	1		
23	525.486267089844	4951.546875	0.0838920542362969	1		
23	374.059783935547	4946.8388671875	0.0838122883658079	1		
23	422.382049560547	4932.01171875	0.0835610779921026	1		
23	617.245910644531	4923.796875	0.0834218972199489	1		
23	445.289184570313	4887.962890625	0.0828147765288638	1		
23	397.365478515625	4862.46875	0.0823828396246978	1		
23	381.370941162109	4854.49755859375	0.0822477869555698	1		
23	355.107086181641	4853.033203125	0.0822229769736577	1	E	
23	655.101684570313	4841.474609375	0.0820271443988585	1		
23	361.293334960938	4840.29150390625	0.0820070995218418	1		
23	368.395629882813	4837.0009765625	0.0819513494491158	1		
23	833.236389160156	4809.36083984375	0.0814830538018675	1		
23	399.094329833984	4805.70166015625	0.0814210578017178	1		
23	433.009399414063	4799.31005859375	0.0813127674838687	1		
23	354.343170166016	4785.61181640625	0.0810806837117575	1		
23	417.355346679688	4765.22119140625	0.0807352136068396	1		
23	411.418182373047	4751.35791015625	0.0805003336447029	1		
23	540.15576171875	4740.0869140625	0.0803093737205693	1		
23	714.087829589844	4735.49853515625	0.0802316346742113	1		
23	835.234313964844	4725.4794921875	0.0800618860850635	1		
23	385.047668457031	4710.046875	0.0798004174994305	1		
23	433.0712890625	4707.7705078125	0.0797618499316832	1		
23	356.285034179688	4701.77587890625	0.0796602853608481	1		
23	507.512359619141	4701.2099609375	0.0796506972417963	1		
23	565.069763183594	4688.9873046875	0.0794436137248829	1		
23	802.179016113281	4672.77392578125	0.0791689170095142	1		
23	499.335479736328	4670.73974609375	0.079134452726538	1		
23	451.485107421875	4668.29345703125	0.0790930062412497	1		
23	390.122497558594	4659.61767578125	0.0789460159916285	1		
23	393.406646728516	4650.80908203125	0.0787967755535845	1		
23	405.104675292969	4640.88623046875	0.078628656696493	1		
23	460.1328125	4629.78662109375	0.078440600508155	1		
23	371.365295410156	4623.048828125	0.0783264448094538	1		
23	499.165374755859	4580.4326171875	0.0776044155992761	1		
23	435.335968017578	4547.1591796875	0.0770406772173431	1		
23	451.107543945313	4531.19091796875	0.0767701334232547	1		
23	437.470031738281	4521.40869140625	0.076604397118611	1		
23	417.038970947266	4511.63671875	0.0764388345417498	1		
23	407.226745605469	4481.12109375	0.0759218206605969	1		
23	399.003021240234	4455.119140625	0.0754812800948142	1		
23	387.254638671875	4448.81640625	0.0753744954177481	1		
23	577.213928222656	4435.49462890625	0.0751487899370854	1		
23	435.883453369141	4380.44189453125	0.0742160537448133	1		
23	550.185791015625	4374.16748046875	0.0741097488873374	1		
23	566.051452636719	4343.81689453125	0.0735955311962099	1		
23	377.249389648438	4332.5029296875	0.0734038432699395	1		
23	524.113891601563	4316.91845703125	0.0731398018585731	1		
23	434.062255859375	4285.60302734375	0.0726092372103738	1		
23	391.332061767578	4237.54296875	0.0717949750931144	1	E	
23	420.990020751953	4228.35595703125	0.0716393232726156	1		
23	419.993255615234	4224.3291015625	0.0715710978905452	1		
23	505.048553466797	4220.6328125	0.0715084731612773	1		
23	435.365844726563	4217.16650390625	0.0714497448979916	1		
23	626.960632324219	4216.0615234375	0.0714310236612237	1		
23	861.126098632813	4211.62646484375	0.0713558822588537	1		
23	383.3134765625	4209.79248046875	0.0713248098040148	1		
23	439.412078857422	4197.373046875	0.0711143923682249	1		
23	403.339965820313	4186.9228515625	0.0709373389394545	1		
23	477.198455810547	4166.4267578125	0.0705900819202009	1		
23	352.364196777344	4163.63818359375	0.0705428362360729	1		
23	445.177612304688	4139.5888671875	0.0701353784037568	1	E	
23	429.257110595703	4134.58056640625	0.0700505247910618	1		
23	421.350952148438	4102.80810546875	0.0695122168474075	1		
23	389.073516845703	4092.97509765625	0.069345620176602	1		
23	358.010070800781	4075.94165039063	0.0690570293749974	1		
23	386.33251953125	4071.67211914063	0.0689846924354044	1		
23	431.273406982422	4070.93676757813	0.0689722336715633	1		
23	563.574401855469	4063.21704101563	0.0688414414694859	1		
23	374.311981201172	4046.01733398438	0.068550033795977	1		
23	381.334320068359	4034.9951171875	0.0683632888387605	1		
23	1040.26452636719	4028.14916992188	0.0682473007255899	1		
23	404.395202636719	4018.6650390625	0.0680866149357702	1		
23	410.441253662109	4016.26513671875	0.0680459543618796	1		
23	640.070190429688	4008.6123046875	0.0679162955267652	1		
23	389.376342773438	4007.33618164063	0.0678946746905774	1		
23	434.080200195313	4007.197265625	0.0678923210927601	1		
23	518.91552734375	3996.1494140625	0.0677051418160869	1		
23	405.406860351563	3992.4189453125	0.0676419379942102	1		
23	522.078186035156	3987.9736328125	0.0675666228640576	1		
23	614.177368164063	3985.62622070313	0.0675268516109591	1		
23	362.346649169922	3947.53955078125	0.0668815645805772	1		
23	416.372039794922	3947.205078125	0.0668758977457623	1		
23	373.049224853516	3945.96484375	0.0668548849568138	1		
23	596.097717285156	3937.08666992188	0.0667044656516732	1	E	
23	363.176910400391	3937.04907226563	0.0667038286498035	1		
23	552.194458007813	3916.4716796875	0.066355194217416	1		
23	533.5263671875	3907.93408203125	0.0662105451564848	1		
23	355.228851318359	3906.15283203125	0.0661803661588138	1		
23	368.359100341797	3879.48486328125	0.0657285415599107	1		
23	447.138427734375	3876.609375	0.0656798233260059	1	E	
23	390.328216552734	3841.43603515625	0.0650838956677742	1		
23	371.122406005859	3830.35815429688	0.0648962076168804	1	E	
23	385.272705078125	3814.4482421875	0.0646266524166028	1		
23	567.047546386719	3811.44702148438	0.0645758039491728	1		
23	420.257629394531	3811.25	0.0645724658939205	1		
23	804.158203125	3802.4248046875	0.0644229441823237	1		
23	360.317901611328	3796.99243164063	0.0643309056849036	1		
23	384.317413330078	3795.60302734375	0.0643073655703551	1		
23	419.288146972656	3787.404296875	0.0641684577990027	1	E	
23	407.304901123047	3779.93725585938	0.0640419467458548	1		
23	523.09619140625	3775.06323242188	0.0639593681398373	1		
23	424.45654296875	3768.0810546875	0.0638410719289831	1		
23	430.297271728516	3759.82495117188	0.063701192109323	1		
23	525.132690429688	3749.85668945313	0.063532303886337	1		
23	400.267486572266	3746.38427734375	0.0634734722136568	1		
23	365.303649902344	3742.95971679688	0.063415451270629	1		
23	762.214782714844	3727.49145507813	0.0631533787741325	1		
23	381.298065185547	3721.16235351563	0.0630461473684825	1		
23	876.176635742188	3717.91479492188	0.0629911252978932	1		
23	429.892578125	3715.52099609375	0.062950568133397	1		
23	507.028106689453	3710.02197265625	0.0628574004053897	1		
23	1039.26391601563	3702.88818359375	0.0627365355051778	1		
23	935.145324707031	3701.140625	0.0627069273273641	1		
23	906.253967285156	3694.927734375	0.062601664836584	1		
23	356.054901123047	3679.95971679688	0.0623480677740552	1	E	
23	373.147827148438	3671.55346679688	0.0622056440832921	1		
23	444.942596435547	3667.64575195313	0.0621394372526011	1		
23	375.323791503906	3666.02172851563	0.0621119220809306	1		
23	356.386444091797	3661.30053710938	0.0620319328461497	1		
23	391.390808105469	3655.1171875	0.0619271708568387	1		
23	400.251953125	3653.53833007813	0.0619004209146871	1		
23	420.337738037109	3644.908203125	0.0617542041673363	1	E	
23	419.028076171875	3641.87963867188	0.0617028924258192	1		
23	408.308959960938	3632.30224609375	0.0615406265404525	1		
23	404.125457763672	3624.125	0.0614020827701685	1		
23	641.065612792969	3622.2197265625	0.0613698024936027	1		
23	384.353820800781	3618.55639648438	0.0613077361750647	1		
23	748.185546875	3605.33081054688	0.0610836604264583	1		
23	391.355163574219	3596.08544921875	0.0609270200121487	1		
23	359.989685058594	3594.36206054688	0.0608978213355369	1		
23	375.099273681641	3565.4111328125	0.0604073174867405	1		
23	391.318298339844	3564.35571289063	0.0603894359342554	1	E	
23	368.336883544922	3560.91284179688	0.0603311047630443	1		
23	448.077789306641	3532.64697265625	0.0598522075846789	1		
23	387.058502197266	3526.27001953125	0.0597441654493765	1		
23	613.144470214844	3518.8134765625	0.059617832260387	1		
23	360.332855224609	3517.8857421875	0.0596021140324334	1		
23	375.287353515625	3517.57739257813	0.0595968897898267	1		
23	363.021362304688	3507.38623046875	0.059424225055756	1		
23	504.083404541016	3507.00732421875	0.0594178054005496	1	E	
23	363.300720214844	3498.07421875	0.0592664554108592	1		
23	361.381683349609	3486.82446289063	0.0590758553514182	1		
23	415.339538574219	3476.5810546875	0.0589023054329312	1		
23	463.092437744141	3474.11938476563	0.0588605983559689	1		
23	550.999267578125	3472.71557617188	0.0588368141952496	1		
23	438.873809814453	3461.92846679688	0.0586540525679066	1		
23	439.449676513672	3458.72338867188	0.0585997502267025	1		
23	425.376434326172	3458.171875	0.0585904061538217	1		
23	365.215057373047	3449.37939453125	0.0584414387165789	1		
23	836.232788085938	3448.27075195313	0.0584226554341743	1		
23	377.072875976563	3442.16796875	0.0583192584488698	1		
23	405.319000244141	3427.89013671875	0.0580773549206633	1		
23	388.807708740234	3424.08740234375	0.0580129267315565	1		
23	371.058227539063	3412.62280273438	0.0578186866614316	1	E	
23	687.181091308594	3409.81298828125	0.0577710811126109	1		
23	639.084533691406	3404.91650390625	0.0576881219600219	1		
23	474.107818603516	3403.20727539063	0.0576591631932052	1		
23	367.257568359375	3394.66088867188	0.057514365222746	1		
23	1038.26708984375	3388.05541992188	0.0574024514397161	1		
23	412.173034667969	3375.40771484375	0.0571881664925744	1		
23	361.030242919922	3345.22338867188	0.0566767656733513	1		
23	478.960418701172	3336.3994140625	0.0565272646436333	1		
23	968.242065429688	3326.0830078125	0.0563524779487888	1		
23	384.390228271484	3315.8828125	0.0561796601688143	1		
23	417.083862304688	3309.07592773438	0.0560643338757682	1		
23	387.111358642578	3307.71728515625	0.0560413149445676	1	E	
23	533.212890625	3261.21508789063	0.0552534470411431	1	E	
23	385.309509277344	3256.091796875	0.055166645195457	1		
23	549.558227539063	3253.00073242188	0.0551142745417409	1		
23	413.054656982422	3238.33544921875	0.0548658065851759	1		
23	359.241577148438	3219.96215820313	0.0545545153533056	1		
23	385.509613037109	3218.15478515625	0.0545238937634265	1		
23	715.084899902344	3217.111328125	0.0545062148933544	1		
23	394.409759521484	3215.95190429688	0.0544865712447881	1		
23	873.197021484375	3209.00415039063	0.0543688582629185	1		
23	375.251373291016	3202.10424804688	0.0542519560107012	1		
23	370.352966308594	3182.86157226563	0.0539259351446881	1		
23	731.135986328125	3168.84228515625	0.0536884120384297	1		
23	409.380310058594	3164.28662109375	0.0536112272664258	1		
23	950.195068359375	3159.64892578125	0.0535326526721607	1		
23	399.324157714844	3147.26513671875	0.0533228391472343	1		
23	759.184753417969	3144.03491210938	0.0532681107593252	1		
23	372.114624023438	3128.8095703125	0.0530101539567271	1	E	
23	391.315185546875	3126.88403320313	0.0529775303609717	1	E	
23	423.345611572266	3123.41870117188	0.0529188186431891	1		
23	393.313293457031	3110.24096679688	0.052695553624235	1		
23	388.147491455078	3095.81982421875	0.0524512220434473	1		
23	417.014984130859	3083.15478515625	0.0522366434136254	1		
23	360.296203613281	3072.96069335938	0.0520639290430454	1		
23	357.349761962891	3061.427734375	0.0518685307877028	1		
23	549.018493652344	3035.75268554688	0.0514335288290858	1		
23	368.386657714844	3014.31176757813	0.0510702640355741	1		
23	357.261535644531	3014.05151367188	0.0510658546589955	1		
23	411.381988525391	3008.54321289063	0.0509725297487087	1		
23	476.001556396484	3003.91650390625	0.0508941412913536	1		
23	366.379730224609	2982.189453125	0.0505260286654309	1		
23	394.374877929688	2981.94848632813	0.0505219460625388	1		
23	1194.82934570313	2968.22680664063	0.0502894651983529	1		
23	374.323913574219	2923.31860351563	0.0495286036923781	1		
23	354.371643066406	2906.6650390625	0.049246449091483	1		
23	1379.59716796875	2896.865234375	0.0490804149677832	1		
23	387.360748291016	2871.55102539063	0.0486515265725651	1		
23	407.335144042969	2866.1416015625	0.0485598768944681	1		
23	508.101684570313	2855.43920898438	0.0483785505895197	1		
23	599.130737304688	2851.349609375	0.0483092621588746	1		
23	508.097961425781	2850.51000976563	0.0482950371625766	1		
23	444.367004394531	2840.59375	0.0481270299876311	1		
23	399.271545410156	2827.2626953125	0.0479011673246888	1		
23	461.103179931641	2809.60131835938	0.0476019377645851	1	E	
23	449.4697265625	2799.14624023438	0.0474248016082991	1		
23	371.214935302734	2786.48950195313	0.0472103636152537	1		
23	395.350036621094	2785.5712890625	0.0471948067059554	1		
23	394.220489501953	2783.9619140625	0.0471675397168316	1		
23	453.464569091797	2782.6748046875	0.0471457327437338	1		
23	657.135986328125	2761.1171875	0.0467804907626006	1		
23	445.740112304688	2756.23046875	0.0466976970650427	1		
23	362.296997070313	2745.98046875	0.0465240354644097	1		
23	372.115753173828	2732.72680664063	0.0462994840325888	1	E	
23	362.394317626953	2729.00854492188	0.046236487029501	1		
23	391.137664794922	2713.330078125	0.0459708531134602	1		
23	390.090057373047	2687.48999023438	0.0455330549648179	1		
23	1391.49572753906	2671.09301757813	0.0452552476948646	1		
23	358.256927490234	2668.53198242188	0.045211857112961	1		
23	357.200042724609	2660.12475585938	0.0450694168766948	1		
23	1222.72888183594	2656.54931640625	0.0450088396534367	1		
23	374.251312255859	2641.02661132813	0.0447458447451419	1		
23	356.322448730469	2617.98583984375	0.0443554742811617	1		
23	1349.00170898438	2611.31616210938	0.0442424726313024	1		
23	1013.55334472656	2588.76684570313	0.0438604286917618	1		
23	386.155883789063	2564.7392578125	0.0434533389968899	1		
23	371.377410888672	2561.6552734375	0.0434010882980714	1		
23	359.256225585938	2542.17553710938	0.0430710510111786	1		
23	412.399932861328	2508.79077148438	0.0425054264418911	1		
23	1344.22509765625	2496.06396484375	0.0422898013089976	1		
23	361.006072998047	2479.2099609375	0.0420042507435893	1		
23	378.306396484375	2427.38403320313	0.0411261850299655	1		
23	359.201904296875	2411.70434570313	0.0408605304320459	1		
23	457.367156982422	2360.46264648438	0.0399923630656571	1		
23	369.305114746094	2298.75463867188	0.0389468692696966	1		
23	993.010620117188	2282.33764648438	0.0386687228169297	1		
23	378.378570556641	2196.7998046875	0.0372194897904769	1		
23	356.231567382813	2179.89794921875	0.0369331284954162	1		
